[415,1004,452]
[1,1,1]
[415,629,452]
[1,1,1]
[415,347,386,1729,1153,1334,1422,369]
[1,1,1,1,1,1,1,1]
[1254,1321,1140,1429,830,1697,1542,1242,556,1058]
[1,1,2,1,2,2,1,2,2,1]
[1729,369]
[1,1]
[143,448]
[1,1]
[1373,933]
[1,1]
[629,340,1309]
[1,1,1]
[565,1272]
[1,1]
[814,1497]
[1,1]
[39,911,917,520,758,584,1412,452,954]
[1,1,1,1,1,1,1,1,1]
[520,758]
[1,1]
[1200,780,1334,55,75]
[1,1,1,1,1]
[415,945,308,1165,535,333,1188,318,1363,567,452]
[1,1,1,1,1,1,1,1,1,1,2]
[1729,452]
[1,1]
[567,373,452]
[1,1,1]
[945,452]
[1,1]
[208]
[1]
[73,931,179]
[1,1,1]
[420,415,629,1122,314,373,1412,452]
[1,1,2,1,1,1,1,1]
[1334,75]
[1,1]
[1412,1298]
[1,1]
[415,535,318,439,115,314]
[1,1,1,1,1,1]
[452]
[1]
[1334,75]
[1,1]
[1167]
[1]
[415,629,452]
[1,1,1]
[1093,1261,1001,452]
[1,1,1,1]
[221,1520]
[1,1]
[555,1334]
[1,1]
[221,1520]
[1,1]
[1093,575,452]
[1,1,1]
[1404,415,340,369]
[1,1,1,1]
[890,1365,88,822,221,442,787,117]
[1,1,1,1,1,1,1,1]
[893,1032,491]
[1,1,1]
[1140,491]
[1,1]
[1539,816,1729,1519,700,1735,1153,1334]
[1,1,1,1,1,1,1,1]
[1368,1539,1383,1786,1519]
[1,1,1,1,1]
[1653,406,28,627,1334]
[1,1,1,1,1]
[816,1009,1729,700,1735,1153,1334,827,904]
[1,1,1,1,1,2,1,1,1]
[1746,536,1334,661]
[1,1,1,1]
[420,681,860,915,314,369]
[1,1,1,1,1,1]
[1169,294,1780,1767]
[1,1,1,1]
[629,776,916]
[1,1,1]
[779,149,211,567,1488,319]
[1,1,1,1,1,1]
[1539,169,1411,1009,1729,1452,684,700,692,1361,1153,1334]
[1,1,1,1,1,1,1,1,1,1,1,1]
[1368,1539,1383,1009,1786,1114,666]
[1,1,1,1,1,1,1]
[1539,169,1411,1009,1729,376,1452,684,700,1002,692,627,1361]
[1,1,1,1,1,1,1,1,1,1,1,1,1]
[1334,237,314]
[1,1,1]
[1821,854,1242]
[1,1,1]
[1729,1153,1334,1750,369]
[1,1,1,1,1]
[1601,1093,1187,1729,1,1519,1514,1122,16,1422,377]
[1,1,1,1,1,1,1,1,1,1,1]
[1254,108,905,1334,1359,1085]
[1,1,1,1,1,1]
[968,909,221,376,529,472]
[1,1,1,1,1,1]
[489,578]
[1,1]
[420,915,1497]
[1,1,1]
[964,1165,381,1670]
[1,1,1,1]
[1497]
[1]
[415,629,340,369]
[1,1,1,1]
[145,562,329]
[1,1,1]
[1351]
[1]
[338,727]
[1,1]
[415,887,814,776,880,212,1497]
[1,1,1,1,1,1,1]
[1084,828,1788]
[1,1,1]
[415,1169,776,723,933]
[1,1,1,1,1]
[562,508,146,806,118]
[1,1,1,1,1]
[664,1573,221,787,75]
[1,1,1,1,1]
[1670]
[1]
[415,629]
[1,1]
[452]
[1]
[157]
[1]
[536]
[1]
[890,790,668]
[1,1,1]
[1434,276,1761,359,393,1341,1644,712,1722,551,1009,21,389,1658,1306,1269,1334,143,360]
[1,1,1,1,1,1,1,1,1,1,1,1,1,1,1,1,1,1,1]
[814,1497]
[1,1]
[1450,327,87]
[1,1,1]
[890,536,1314]
[1,1,1]
[1434,89,169,1113,1450,923,734,1009,552,1729,1574,1394,1306,1558,1334,1314,1286,1725,305,360]
[1,1,2,2,1,2,1,1,1,1,1,1,1,1,1,1,1,2,1,1]
[887,1165,439,873]
[1,1,1,1]
[92,1838]
[1,1]
[456,208]
[1,1]
[1050,453,112,113,1779]
[1,1,1,1,1]
[1100,1486]
[1,1]
[7,198]
[1,1]
[766,442,1519,1334,193,241,1829]
[1,1,1,1,1,1,1]
[1768,561,235,1421,923,1088,1490,1110,1519,1144,668,1334,673,641,904]
[2,1,1,1,1,1,1,2,1,1,1,1,1,1,1]
[208,1334]
[1,1]
[1598,564]
[1,1]
[933]
[1]
[253,340]
[1,1]
[1573,1165,221,548,143,554,645]
[1,1,1,1,1,1,1]
[1165,437,1479,1371,1412,1591,14,184]
[1,1,1,1,1,1,1,1]
[669,648,1326,1133]
[1,1,1,1]
[781,1161,1044,1004,1024,371]
[1,1,1,1,1,1]
[669,998,648,1492]
[1,1,1,1]
[67,874,468,1342,1334]
[1,1,1,1,1]
[145,591,202]
[1,1,1]
[65,883,1133]
[1,1,1]
[856,450,1098,397,1359,883,906]
[1,1,1,1,1,1,1]
[39,450,397,515,647,1591,906]
[1,1,1,1,1,1,1]
[456,1086,802,524,221,397,1412,1005,906]
[1,1,1,1,1,1,1,1,1]
[404,1732,134,535,1098,1736,1287,341,283,1104,1412,1133,371]
[1,1,1,2,1,1,1,1,1,1,1,1,1]
[338,321,1334,1613,1024]
[1,1,1,1,1]
[134,32,212]
[1,1,1]
[740,1484,1009,761,1654,995,1334,1318,133,55,728]
[1,1,1,1,1,1,1,1,1,1,1]
[1711,1573,1732,816,1783,1334,440]
[1,1,1,1,1,1,1]
[1246,1547,561,1726,1519,607]
[1,1,1,1,1,2]
[1410,673]
[1,1]
[536,1300]
[1,1]
[3,369]
[1,1]
[1729,452]
[1,1]
[439,915,1422,452]
[1,1,1,1]
[340,157,1309]
[1,1,1]
[208]
[1]
[532,221]
[1,1]
[1081,1221,299,780,278]
[1,1,1,1,1]
[740,1484,755,1383,1519,666,1343,241]
[1,1,1,1,1,1,1,1]
[1246,1547,1410,668,1334,1274,1133]
[1,1,1,1,1,1,1]
[375,267,221,695,536,1550,1124,509,1300,1334,1578]
[1,1,1,1,1,2,1,1,1,1,1]
[964,993,1140,1284,1713,695,74,1078,1508,1167,1412,1521,924]
[1,1,1,1,1,1,1,1,1,1,1,1,1]
[221,369]
[1,1]
[532,275,221,661]
[1,1,1,1]
[1246,1547,413,1410,1334]
[1,1,1,1,1]
[1344,1224,1365,1400,1009,1727,577,1112,595,904]
[1,1,1,1,1,1,1,1,1,1]
[1691,1410,997,194,954]
[1,1,1,1,1]
[1278,1246,1547,747,1410,668,1334,810,1274]
[1,1,1,1,1,1,1,1,1]
[1410,1512]
[1,1]
[1317,1284,221,706,1337,536,1124,1334,1743]
[1,1,1,1,1,1,1,1,1]
[222,275,695,536]
[1,1,1,1]
[221,369]
[1,1]
[1315,275,661]
[1,1,1]
[1368,1344,1224,1365,1383,1009,577,1112,1133,904]
[1,1,1,1,1,1,1,1,1,1]
[1140,879,695,1410,1010,896,326,1475,1649,1521,560]
[1,1,1,1,1,1,1,1,1,1,1]
[1564,1325,221,1410]
[1,1,1,1]
[651,1754]
[1,1]
[1368,1344,1224,1365,1383,1009,577,1112,904]
[1,1,1,1,1,1,1,1,1]
[1246,1547,413,1410,607,1334]
[1,1,1,1,1,1]
[1284,221,536,1124,616]
[1,1,1,1,1]
[221,369]
[1,1]
[208]
[1]
[415,629,340,452]
[1,1,1,1]
[405,470,1494,1009,313,1334,648,904]
[1,1,1,1,1,1,1,1]
[313,1506]
[1,1]
[1368,1365,1383,1009,1112,904]
[1,1,1,1,1,1]
[1373,933]
[1,1]
[1676]
[1]
[221,536]
[1,1]
[363,1488,1287]
[1,1,1]
[221,787]
[1,1]
[933]
[1]
[890,1675,1591,728]
[1,1,1,1]
[1304,204,28,1318]
[1,1,1,1]
[915,369]
[1,1]
[1334,75]
[1,1]
[1351,1284,536]
[1,1,1]
[12]
[1]
[166,1412,1154]
[1,1,1]
[1299,1412]
[1,1]
[1373,933]
[1,1]
[1530,12,1283]
[1,1,1]
[1009,1726,1334]
[1,1,1]
[1351,561]
[1,1]
[1494,1009,1038,313,1762,1504,904]
[1,1,1,1,1,1,1]
[1365,1383,1009,1112,1343,904]
[1,1,1,1,1,1]
[1342,176]
[1,1]
[1729,1838,1754]
[1,1,1]
[1663,134,301,523,212,1123]
[1,1,1,1,1,1]
[1594]
[1]
[1273,1651,1316,1625,1591]
[1,1,1,1,1]
[134,475,334,152,1335]
[1,1,1,1,1]
[933]
[1]
[874,1512]
[1,1]
[1183,1512,567]
[1,1,1]
[618,342,1285]
[1,1,1]
[1269,19]
[1,1]
[1140,322,804,1689]
[1,1,1,1]
[1376,754,804,19,921,862]
[1,1,1,1,1,1]
[1806,786,522,674,1663,325,320,389,804,379,1361,1714,1067,1648,846,1133]
[1,1,1,1,1,1,1,1,1,1,1,1,1,1,1,1]
[286,1165,1169,1363,439,1334,873,647]
[1,1,2,1,1,1,1,1]
[208,1334]
[1,1]
[665,1238,1532,1352,518]
[1,1,1,1,1]
[1180,1348,171,1522,756]
[1,1,1,1,1]
[1009,1837,1558,904]
[1,1,1,1]
[1342,449,1671,189,491]
[1,1,1,2,1]
[964,275,1425,784,1405,1096]
[1,1,1,1,1,1]
[693,343,1312,1410,721]
[1,1,1,1,1]
[989,732,251,996,899]
[1,1,1,1,1]
[732,354,251,973]
[1,1,1,1]
[1173,516,642,1412]
[1,1,1,1]
[536,974]
[1,1]
[415,629,452]
[1,1,1]
[1539,561,246,524,1009,1334,1074,764]
[1,1,1,1,1,1,1,1]
[1246,1181,1009,44,600,850,1334,904]
[1,1,1,1,1,1,1,1]
[208]
[1]
[1165,439,915,1497]
[1,1,1,1]
[1488]
[1]
[933]
[1]
[39,492,776]
[1,1,1]
[1368,1383,1009,1343,904]
[1,1,1,1,1]
[974]
[1]
[1225,950,419,978,1342,900]
[1,1,1,1,1,1]
[125,357,1233,1039,291,1171,237,1538,141,1159]
[1,1,1,1,1,1,1,1,1,1]
[1045,1822]
[1,1]
[1278,890,70,8,65,351,323,1538,319,46,1054]
[1,1,1,1,1,1,1,1,1,1,1]
[887,1165,1169,1446,439,1334,873,1838,554]
[1,1,1,1,1,1,1,1,1]
[1368,1491,180,1383,1009,1112]
[1,1,1,1,1,1]
[1057,1491,809,1722,1219,1009,386,1110,336,1558,1551,645]
[1,1,1,1,1,1,1,1,1,1,1,1]
[1126,259,1028,320,1830,219,1203]
[1,1,1,1,1,1,1]
[1169,1334,1497]
[1,1,1]
[243,1334]
[1,1]
[1497]
[1]
[415,814]
[1,1]
[75]
[1]
[1346,536]
[1,1]
[1268,1651,215,1131]
[1,1,1,1]
[989,1165,42,698,1502,1359,25,946,560]
[1,1,1,1,1,1,1,1,1]
[1334,1488]
[1,1]
[456,665,208]
[1,1,1]
[1783,998,143]
[1,1,1]
[814,1309,1497,220,1143]
[1,1,1,1,1]
[1368,1365,1383,1519,1112,904]
[1,1,1,1,1,1]
[1653,207,774,1186,433,1729,1519,1660,1003,1122,1052,904]
[1,1,1,2,1,1,1,1,1,1,1,1]
[1100,1249,444]
[1,1,1]
[19]
[1]
[1324,449]
[1,1]
[629,340,157,1334,452]
[1,1,1,1,1]
[890,1573,1284,607,963,160]
[1,1,1,1,1,1]
[890,969,536,1300]
[1,1,1,1]
[1351,1529,223,1133,947]
[1,1,1,1,1]
[385,1284,1435]
[1,1,1]
[94,1539,1009,473,1038,1762,315,731]
[1,1,1,1,1,1,1,1]
[75]
[1]
[415,1169,1133]
[1,1,1]
[1497]
[1]
[1150,415,1537,78,1438]
[1,1,1,1,1]
[208,1334]
[1,1]
[1459,480,1328,668]
[1,1,1,1]
[1744,887,1169,381,95,873,1412,925]
[1,1,1,1,1,1,1,1]
Int64[]
Int64[]
[1370,1547,1124,75]
[1,1,1,1]
[890,75]
[1,1]
[415,148,1732,814,1169,860,289,614,1133]
[1,1,1,2,2,1,1,1,2]
[1165,535,439,1153,567,873,369,373,205]
[1,1,1,1,1,1,1,1,1]
[420,814,1834,373]
[1,1,1,1]
[1169,101]
[1,1]
[75]
[1]
[890,780]
[1,1]
[208]
[1]
[1819]
[1]
[1497]
[1]
[1169,607,1767]
[2,1,1]
[1063,880,221,1326,1133]
[1,1,1,1,1]
[890,75]
[1,1]
[1169,289]
[1,1]
[420,28,845,1670]
[1,1,1,1]
[887,1165,873]
[1,1,1]
[1140,73,1334,957,79,574]
[1,1,1,1,1,1]
[536,1334,444]
[1,1,1]
[573,1165,1531,1696,536,1334,1139,444]
[1,1,1,1,1,1,1,1]
[39,203,795,1165,1531,1696,1266,1526,141,444]
[1,1,1,1,1,1,1,1,1,1]
[1531,1633,753,482,1334,1139,444,1614]
[1,1,1,2,1,1,1,2]
[1797,1729,444]
[1,1,1]
[75]
[1]
[456]
[1]
[403,1165,1169,535,983,439,873]
[1,1,1,1,1,1,1]
[1006,610,195,1611]
[1,1,1,1]
[1119,1382,569,1769]
[1,1,1,1]
[67,1022,1729,1275]
[1,1,1,1]
[200,842,1334,139,756,223]
[1,1,1,1,1,1]
[816,1729,200,842,1334,139,756,1698,223]
[1,1,1,1,1,1,1,1,1]
[456,1342,536,208,967,1302]
[2,1,1,1,1,1]
[1729,452]
[1,1]
[415,1729]
[1,1]
[1797,306,751,1518,129,275,256,1798,37]
[1,1,1,1,1,1,1,1,1]
[415,1169,1780]
[1,1,1]
[1359,1754,1274]
[1,1,1]
[420,1216,368,287,207,1540,73,881,774,985,816,1186,992,1009,1557,464,485,44,376,258,1110,206,700,1735,627,1334,626,1752,1139,510,1718,1209,1693,264,904]
[1,1,1,1,3,2,1,1,2,1,1,1,1,1,1,1,1,1,1,1,3,1,2,1,1,1,1,1,1,2,1,1,1,1,1]
[1334,974]
[1,1]
[536]
[1]
[811,1826,591,536,257]
[1,1,1,1,1]
[420,887,1165,535,381,1153,915,1497,1412]
[1,1,1,1,1,1,1,1,1]
[415,461]
[1,1]
[132,1165,814,1173,443]
[1,1,1,1,1]
[420,1006,1198,42,327,1330]
[1,1,1,1,1,1]
[646]
[1]
[1172,474]
[1,1]
[80,581,1352]
[1,1,1]
[887,1165,535,439,873]
[1,1,1,1,1]
[415,355]
[1,1]
[1334,1488]
[1,1]
[208]
[1]
[456]
[1]
[420,1729,369]
[1,1,2]
[415,814]
[1,1]
[1744,765,833,1539,707,275,434,1729,1519,1334,1343,394,866,925,205]
[1,1,1,1,1,1,1,1,1,2,1,1,1,1,1]
[415,629,452]
[1,1,1]
[1447,1499,349,65,703]
[1,1,1,1,1]
[964,1334,314]
[1,1,1]
[1165,381,369]
[1,1,1]
[1223,1273,1165,535,439,1096]
[1,1,1,1,1,1]
[1404,415]
[1,1]
[1368,180,1383,1519,666,1334,904]
[1,1,1,1,1,1,1]
[1653,941,442,684,1519,1334,904]
[1,1,1,1,1,1,1]
[1404,452]
[1,1]
[887,1273,1165,1299]
[2,1,1,1]
[140,336,369]
[1,1,1]
[336,1255,983]
[1,1,1]
[890,1148,1179]
[1,1,1]
[208,1488]
[1,1]
[629,157,452]
[1,1,1]
[953,215,1065]
[1,1,1]
[1368,1365,1383,1009,309,1112]
[1,1,1,1,1,1]
[585,1342]
[1,1]
[1497]
[1]
[1165,294,554,1767]
[1,1,1,1]
[493,1573,444]
[1,1,1]
[1223,209,683,1713,915,103,369,954,497]
[1,1,1,1,1,1,1,1,1]
[1713,1334,915,1440,369,1586,1614]
[1,1,1,1,1,1,1]
[1488]
[1]
[814,1497]
[1,1]
[536,444]
[1,1]
[1204,1433,38,281]
[1,1,1,1]
[887,1165,439,757,873]
[1,1,1,1,1]
[286,465,1169,983]
[1,1,1,1]
[461,1359,845]
[1,1,1]
[629,340,1309]
[1,1,1]
[1770,1647]
[1,1]
[1140,1342,584]
[1,1,1]
[887,1165,439,873]
[1,1,1,1]
[1789,915]
[1,1]
[415,1780]
[1,1]
[776,1309]
[1,1]
[456,481,208]
[1,1,1]
[81,195,1334,863,139,1507]
[1,1,1,1,1,1]
[415,1729]
[1,1]
[207,1540,774,1186,944,1420,1726,1729,1110,700,1153,1334,626,744,144,1422,1139,544,510,82]
[1,1,1,1,1,1,1,2,1,1,1,1,1,1,1,1,1,1,1,1]
[573,1697,81,195,1334,863,139,1507,544,274]
[1,1,1,1,1,1,1,1,1,1]
[1181,1094,1573,1334,444]
[1,1,1,1,1]
[1573,1374,1375,1511,1728]
[1,1,1,1,1]
[915,369]
[1,1]
[1324,306,1124,1840,1235,1334,836,1475,1046,643]
[1,1,1,1,1,1,1,1,1,1]
[1510,1547,1014,1117,1729,1124,1500,654,1046,1089,986]
[1,1,1,1,1,1,1,1,1,1,1]
[625,536,1334]
[1,1,1]
[887,1165,439,873]
[1,1,1,1]
[415,629,340,1252,1363]
[1,1,1,1,1]
[1368,740,964,1484,1803,1383,1519,1343,186]
[1,1,1,1,1,1,1,1,1]
[740,1484,1181,416,57,1682,1519,1343,511,1073]
[1,1,1,1,1,1,1,1,1,1]
[1140,1165,221,1287]
[1,1,1,1]
[456]
[1]
[208]
[1]
[415,776,1309,1497]
[1,1,1,1]
[740,1484,284,22,1811,618,362,83,1009,1820,1110,622,1343,1247]
[1,1,1,1,1,1,1,1,1,1,1,1,1,1]
[740,1484,649,468,83,923,1009,1110,622,266,1725,319,1247,1412]
[1,1,1,1,1,1,1,1,1,1,1,1,1,1]
[1573,527]
[1,1]
[1797,260,1289,1224,1573,1376,361,1343]
[1,1,1,1,1,1,1,1]
[1492,19,1754]
[1,1,1]
[1362,705,318,1120]
[1,1,1,1]
[1509,1124,43,1603]
[1,1,2,1]
[1483,1266,536,1300,812]
[1,1,1,1,1]
[479,1284,1266,1793,873]
[1,1,2,2,1]
[1305,1124,615]
[1,1,1]
[1181,635,1732,1232,297,1124,983,1096,1241,972,127,1626,1192]
[1,2,1,1,1,2,1,2,1,1,1,1,1]
[803,1124]
[1,1]
[1165,1124,233,1412,1326,541]
[2,1,1,1,1,1]
[387,1410]
[1,1]
[1006,387,442,1377,1124,1823,60,205]
[1,1,1,1,1,1,1,2]
[1140,1124,896,499,205]
[1,1,1,1,1]
[629,1580,1124,429]
[1,1,1,1]
[1745,221,536,1124]
[1,1,1,1]
[221,369]
[1,1]
[527,1745,424,700,1124,1821,1122,199,1511]
[1,1,1,1,1,1,1,1,1]
[646,706,1334]
[1,1,1]
[415,369]
[1,1]
[1334,143,1468,1236]
[1,2,1,1]
[456,1334,1559]
[1,1,1]
[975,1009,1729,1334,1359,904]
[1,1,1,1,1,1]
[1342,536,208,1334]
[1,1,1,1]
[1064,1373,933]
[1,1,1]
[445,169,1113,320,613,1558,7,466]
[1,1,1,1,1,1,1,1]
[183,109,1294,923,1009,72,1112,1412,904]
[1,1,1,1,1,1,1,1,1]
[782,1178,1579,236,1294,1009,1212,872,1110,768,1558,626,1717,316,1139,623,904]
[1,1,1,1,1,1,1,1,1,1,1,1,1,1,1,1,1]
[1621,1778,369]
[1,1,1]
[340,100,933,119]
[1,1,1,1]
[740,1484,587,1093,1729,1519,700,1153,1334,319,1422]
[1,1,1,1,1,1,1,1,1,1,1]
[1288,1422]
[1,1]
[1006,231,210]
[1,1,1]
[29,1295,275,231,868,1394,486,1472,1412]
[1,1,1,1,1,1,1,1,1]
[646]
[1]
[630,1293,788,849]
[1,1,1,1]
[420,539,1113,583,373]
[1,1,1,1,1]
[415,629,776,1309,1422,452]
[1,1,1,1,1,1]
[1042,949,1667,1795]
[1,1,1,1]
[949,216]
[1,1]
[1783,1681,231,143]
[1,1,1,1]
[1378,1657,678,662,1638,1412]
[1,1,1,1,1,1]
[365,536,1463,756]
[1,1,1,1]
[26]
[1]
[982,26,1591]
[1,1,1]
[536,208,1334,34]
[1,1,1,1]
[1404,415,1729,1475,369,452]
[1,1,2,1,1,1]
[1404,340,1729,1309]
[1,1,1,1]
[1539,435,1519,1334,1343,1122]
[1,1,1,1,1,1]
[246,1009,1619,1110,668,1558,904]
[1,1,1,1,1,1,1]
[1724,656,598,1519,700,904]
[1,1,1,1,1,1]
[415,536,752,208,915,115,190,1488,369,444]
[1,1,1,1,1,1,1,1,1,1]
[681,314]
[1,1]
[890,1732,31,1079,869,992,376,1699,627,542,126,915,1127,815,283,369,510,1141]
[1,1,1,1,1,1,1,1,1,1,1,1,1,1,1,1,1,1]
[1350,1470,1439,126,915,369,1563,883,205]
[1,1,1,1,1,1,1,1,1]
[366,933,1334]
[1,1,1]
[1169,607,107]
[2,1,1]
[751,780,1328,1661,840]
[1,1,1,1,1]
[456,208]
[1,1]
[706,1334]
[1,1]
[411,456,208]
[1,1,1]
[380,1373,933]
[1,1,1]
[6,1228,163]
[1,1,1]
[415,452,119]
[1,1,1]
[208]
[1]
[1547]
[1]
[644,823,1100,1639,335,694,1479,1757,598,1781,946]
[1,1,1,1,1,1,1,1,1,1,1]
[823,1602,1334,1167,946]
[1,1,1,1,1]
[1031,536]
[1,1]
[718,591,1300]
[1,1,1]
[1533,1049,1656,344,1296,1670]
[1,1,1,1,1,1]
[420,284,1193,1539,1034,761,804,1110,1519,1558,1334,570,1133]
[1,1,1,1,1,1,1,1,1,1,1,1,1]
[1653,592,1539,1460,1009,442,1619,1110,1334,721]
[1,1,1,1,1,1,1,1,1,1]
[686,850,1334]
[1,1,1]
[882,905]
[1,1]
[456,215]
[1,1]
[1547,792,539,950,1369]
[1,1,1,1,1]
[425,729,706,366,1153,988]
[1,1,1,1,1,1]
[415,1573,629,536,1629,1334,1422,1670]
[1,1,2,1,1,1,1,1]
[1344,1196,1539,1383,1294,1009]
[1,1,1,1,1,1]
[533,1087,1711,1329,444]
[1,1,1,1,1]
[456,1207,769]
[1,1,1]
[80,1642,456,349,503,536,1334,268,75,444]
[1,1,1,1,1,1,1,1,1,1]
[1207,453,708,1688,827]
[1,1,1,1,1]
[1260,638,1828,772,444]
[1,1,1,1,1]
[1696,1342,1110,1255,1432,663]
[1,1,1,1,1,1]
[770,582,1342,186,554]
[1,1,1,1,1]
[1342,536,1334]
[1,1,1]
[780,927,1372]
[1,1,1]
[1342,232,801,1001,201,1555,421,1774,63,1505,55]
[1,1,1,1,1,1,1,1,1,1,1]
[1169,901,107]
[1,1,1]
[629,1309,1679,175]
[1,1,1,1]
[1651,1342,1582,848]
[1,1,1,1]
[1140,804,700,753,733,51,471]
[2,1,1,1,1,1,1]
[338,1342,1455,1149,1334,1413,1543,107]
[1,1,1,1,1,1,1,1]
[94,1186,834,28,1153,315,647,904,82]
[1,1,1,1,1,1,1,1,1]
[1842,1723,1165,879,1277,1342,1080,571,318,920,1334,1136,1795]
[1,1,1,1,1,1,1,1,1,1,1,1,1]
[1128,1427,140,1342,1592,1634]
[1,1,1,1,1,1]
[1279,1585,1342,1132,1334,1331]
[1,1,1,1,1,1]
[420,1539,1732,1186,582,1729,442,834,482,1731,170,402,972,82]
[1,1,1,1,1,1,1,1,2,1,1,2,1,1]
[1780,915,567,1497,1591]
[1,1,1,1,1]
[890,1165,439,369]
[1,1,1,1]
[1169,1133]
[1,1]
[426,890,1620,927,719,1372,1560,886]
[1,1,1,1,1,1,1,1]
[456]
[1]
[1009,927,719,1334,1343,904]
[1,1,1,1,1,1]
[1434,1600,1573,1722,1306,967,1334,742,410,1548]
[1,1,1,1,1,1,1,1,1,1]
[420,1729,915,1670,452]
[1,1,1,1,1]
[415,1169,1730]
[1,1,1]
[66,314]
[1,1]
[1169,852,1133,1767]
[1,1,1,1]
[1488]
[1]
[1573,1412]
[1,1]
[208,1334]
[1,1]
[203,456]
[1,1]
[804]
[1]
[415,92,1064,933,1838]
[1,1,1,1,1]
[964,298,284,1365,1009,1112,910,186,904]
[1,1,1,1,1,1,1,1,1]
[411,696,1606,1751,1009,553,288,627,1524,1226,713,1807,1818,904]
[1,1,1,1,1,1,1,1,1,1,1,1,1,1]
[1009,627,1524,1334,1343,904]
[1,1,1,1,1,1]
[536,1300,812]
[1,1,1]
[1378,413,221,536,1312,1410,593]
[1,1,1,1,1,1,1]
[1444,1090,712,221,376,615,643,360]
[1,1,1,1,1,1,1,1]
[229,1378,1213,1349,221,1334,1182,673,1441]
[1,1,1,1,1,1,1,1,1]
[407,297,1410,1772]
[1,1,1,1]
[1564,192,1410,615,1105]
[1,1,1,1,1]
[1336,1093,275,1637,1286,474]
[1,1,1,1,1,1]
[1746,738,1093,181,1412]
[1,1,1,1,1]
[1174,1093,1410,1334,1750,369]
[1,1,1,1,1,1]
[546,1539,657,1571,1165,1732,1429,387,1519,436,1410,926,78,312,1334,793,1313,506,1478]
[1,1,1,1,1,1,1,1,1,1,1,1,1,1,1,1,1,1,1]
[420,1165,1410,312,1334,364,1684,972]
[1,1,1,1,1,1,1,1]
[629,918,671,1410,1750,1139,588,730]
[1,1,2,1,1,1,1,1]
[1444,413,221,591,1410,662]
[1,1,1,1,1,1]
[1090,635,890,1537,221,1410,1364,1748,40,615]
[1,1,1,1,1,1,1,1,1,1]
[1746,738,221,591,1793]
[1,1,1,1,1]
[629,1219,242,1729,1637,1410,1286,1497,474]
[1,1,1,1,1,1,2,1,1]
[445,1057,451,1539,1165,1009,870,1615,366,841,1065,1334,1096,1326,721]
[1,1,1,1,2,1,1,1,1,1,1,1,1,1,1]
[861,1324,1700,1571,629,1410,793]
[1,1,1,1,1,1,1]
[98,1410,865,938,1435,1824,491]
[1,2,1,1,1,1,1]
[445,1566,1755,1513,1011,1410,825,431,1684]
[1,1,1,1,1,1,1,1,1]
[1284,221,536,1124,1334,812]
[1,1,1,1,1,1]
[1305,395]
[1,1]
[1687,494,1410,84]
[1,1,1,1]
[1801,1103,1113,1124,1188,1334,736,815,133]
[1,1,1,1,1,1,1,1,1]
[1776,891,1410,1475,584,704]
[1,1,1,1,1,1]
[1403,1556,442,601,1410,318,813,567,241,143,1311]
[1,1,1,1,1,1,1,1,1,1,1]
[536,1300,1497]
[1,1,1]
[1520]
[1]
[297,1410,241,1551]
[1,1,1,1]
[438,369]
[1,1]
[536,1300,1334,812]
[1,1,1,1]
[221,821]
[1,1]
[536,1124,1334]
[1,1,1]
[1519,812]
[1,1]
[740,1484,1140,1165,767,98,1009,858,804,607,1512,668,1334,605]
[1,1,2,1,1,1,1,1,1,1,1,1,1,1]
[887,1165,535,439,1334,1497]
[1,1,1,1,1,1]
[1806,890,1299]
[1,1,1]
[415,465,1461,1169,901]
[1,1,1,1,1]
[933]
[1]
[338,727]
[1,1]
[1584,132,1165,1169]
[1,1,1,1]
[1292]
[1]
[4]
[1]
[1140,1261,1457,1342,32,446]
[1,1,1,1,1,1]
[745,1229,14]
[1,1,1]
[52,935,1099,1636,1384,1106,65,1432,1095,716]
[1,1,1,1,1,1,1,1,1,1]
[1552,451,96,1539,169,35,1357,1186,743,879,1411,1690,1009,85,1837,530,1011,1452,1262,1558,1414,1343,394,1218,599,1617,673,1415,650,45,1534,560]
[1,2,1,1,1,1,1,1,1,1,1,1,1,1,1,1,1,1,3,2,1,1,1,1,1,1,1,1,1,1,2,1]
[1539,1009,1343,53]
[1,1,1,1]
[1539,1009,1343,53]
[1,1,1,1]
[1539,879,1009,1615,1558,1343,673,560]
[1,1,1,1,1,1,1,1]
[1165,439,873]
[1,1,1]
[445,1049,1651,1169,1622]
[1,1,1,1,1]
[629,776,916]
[1,1,1]
[208]
[1]
[536,34]
[1,1]
[1539,1338,1009,1343,53,910]
[1,1,1,1,1,1]
[612,407,1473,1519,1124,904]
[1,1,1,1,1,1]
[1086,1732,1124]
[1,1,1]
[253,1664,1124,1766]
[1,1,1,1]
[929,687,628,1016,143]
[1,1,1,1,1]
[415,887,776]
[1,1,1]
[367,1664,1519,238,904]
[1,1,1,1,1]
[528,1124,983,1684,1805]
[1,1,1,1,1]
[1124]
[1]
[246,1732,1232,860,85,1519,607,1124,1153,904]
[1,1,1,1,1,1,1,1,1,1]
[420,603,1711,1732,297,1124,1588]
[1,1,1,1,1,1,1]
[1566,853,498,468,1628,1255,1124,130,1448,680,789]
[1,1,1,1,1,1,1,1,1,1,1]
[1246,1547,1009,607,1124]
[1,1,1,1,1]
[1124]
[1]
[137,450,334,337,1124,819]
[1,1,1,1,1,1]
[740,1484,1246,1547,1519,1124]
[1,1,1,1,1,1]
[586,1124,1412,1274]
[1,1,1,1]
[1124,702]
[1,1]
[265,1659,662]
[1,1,1]
[1284,678,1124]
[1,1,1]
[831,191,1713,1124,1475,218]
[1,1,1,1,1,1]
[890,1742,678,221]
[1,1,1,1]
[1043,762,687,270,996]
[1,1,1,1,1]
[1140,1068,1002]
[1,1,1]
[39,1140,1068,855,1145,1410,1334,1569,1055,557,412,1133]
[1,2,2,1,1,1,1,1,1,1,1,1]
[1072,512,1229,1410,1487,1274]
[1,1,1,1,1,1]
[50,350,1410,19]
[1,1,1,1]
[255,1410]
[1,1]
[1742,678,221]
[1,1,1]
[1176,1086,407,1110,1410,1142,1558,1096,167]
[1,1,1,2,1,1,1,1,1]
[1685,407,297,1410,1334]
[1,1,1,1,1]
[833,168,923,822,1729,44,700,1276,1153,1334,1047,1286,744,59,904,82,1634]
[1,1,1,1,2,2,1,1,1,1,1,1,1,1,1,1,1]
[1469]
[1]
[637,875,1729,1334,1419,904,82]
[1,1,1,1,1,1,1]
[709,1732,923,1009,571,1609,1334,1343,673,58,871,904]
[1,1,1,1,1,1,1,1,1,1,1,1]
[1404,887,1388,1253]
[1,1,1,1]
[208]
[1]
[621,756]
[1,1]
[230]
[1]
[903,340]
[1,1]
[1564,1009,252,208,1124,1503,69,1010,507,966,274,1649,1271,904]
[1,1,1,1,1,1,1,1,1,1,1,1,1,1]
[536,1300,93]
[1,1,1]
[208]
[1]
[135,1412]
[1,1]
[903,340]
[1,1]
[208]
[1]
[1523,1388,1296,115,444]
[1,1,1,1,1]
[1404,844]
[1,1]
[1165,439,1670]
[1,1,1]
[903,340,1309,452]
[1,1,1,1]
[1436,1388,901]
[1,1,1]
[456,208,769]
[1,1,1]
[1225,97,1342,1561,300,331,772]
[1,1,1,1,1,1,1]
[340,208,788]
[1,1,1]
[1225,1669,20,418,500,1342,293,1452,436,1269,1558,955,1133]
[1,1,1,1,1,1,1,1,1,1,1,1,1]
[386,1334,915,314,369]
[1,1,1,1,1]
[203,1839,366,1708]
[1,1,1,1]
[740,1484,1528,1498,1418,1009,1384,1558,1250,408,827,1133]
[1,1,1,1,1,1,1,1,1,1,1,1]
[629,340,536,75,662]
[1,1,1,1,1]
[456,419,681,317,208]
[1,1,1,1,1]
[903,340]
[1,1]
[1298]
[1]
[76,1783]
[1,1]
[208]
[1]
[1158,1740,65]
[1,1,1]
[420,639,884,970,1391,1091,1134,1013,1286,491]
[1,1,1,1,1,1,1,1,1,1]
[749,357,751,1841,23,1737,65,1041,1359,1587,491]
[1,1,1,1,1,1,1,1,1,1,1]
[660,1266,1815,28,1561,1269,1678,1359,105,1677,483,459,444]
[1,1,1,1,1,1,1,1,1,1,1,1,1]
[1353,1261,312,444]
[1,1,1,1]
[837,1301,922,452,1253]
[1,1,1,1,1]
[27,1086,1186,1384,442,1452,1536,1558,1334,1607,1701,205,904]
[1,1,1,1,1,1,1,2,1,1,1,1,1]
[536,1334,75]
[1,1,1]
[549,1199,1729,1565,1248,196]
[1,1,1,1,1,1]
[116]
[1]
[629,1169,340,1729,1252,1780,873]
[1,1,1,1,1,1,1]
[67,150]
[1,1]
[1729,1567]
[1,1]
[740,1484,637,696,259,553,1630,1729,700,1153,1334,1069,219,1634]
[1,1,1,1,1,1,1,1,1,1,1,1,1,1]
[243,1113,1334,807,1488]
[1,1,1,1,1]
[1382,780,1515,1071,319,886]
[1,1,1,1,1,1]
[1642,1573,536,1334,444]
[1,1,1,1,1]
[903,1729,369]
[1,1,1]
[415,814,417,1151,901,373,643]
[1,1,1,1,1,1,1]
[1404,903,340]
[1,1,1]
[903,1729,1286,474]
[1,1,1,1]
[1434,1086,1722,1009,700,1558,1334,205,904]
[1,1,1,1,1,1,1,1,1]
[415,340,1309,452]
[1,1,1,1]
[1006,242,1516,1334,391]
[1,1,1,1,1]
[456,208]
[1,1]
[629,1656,340,1729,1194,1334,369]
[1,1,1,1,1,1,1]
[1390]
[1]
[74,927,1029]
[1,1,1]
[1631,1688]
[1,1]
[455,28,1076,1734,484]
[1,1,1,1,1]
[1305,903,395,1520]
[1,1,1,1]
[1434,1409,561,1086,1165,1009,1729,442,1802,1445,1558]
[1,1,1,1,1,1,1,1,1,1,1]
[1257,1254,102,367,1787,790,1186,1155,804,1359,1719,238,1017,399,1133,1773,720]
[1,1,1,1,1,1,1,1,1,1,1,1,1,1,1,1,1]
[1172,340,791,1388,1363,775,452]
[1,1,1,1,1,1,1]
[456,860,536,208,1334,444]
[1,1,1,1,1,1]
[1694,976,791,775,1488]
[1,1,1,1,1]
[629,452]
[1,1]
[415,1169,1780,1133]
[1,2,1,1]
[1404,340,1729]
[1,1,1]
[451,1517,285,1140,1539,169,612,1186,1597,1020,943,872,1729,44,1604,1485,1011,1519,1536,759,15,1558,1334,942,1333,605,1673,1280,1107,1256,120,558,1712,1807,1141,1541]
[1,1,1,1,1,1,1,2,1,1,1,1,1,1,1,1,1,1,1,1,1,2,1,2,1,1,1,2,1,1,1,1,1,1,1,1]
[912,780,1843,1156,511,1496,1390]
[1,1,1,1,1,1,1]
[420,1398,92,1153,915,1838]
[1,1,1,1,1,1]
[776,1817,452]
[1,1,1]
[1434,169,923,1726,1519,1558]
[1,1,1,1,1,1]
[1650,1334]
[1,1]
[420,327,1390]
[1,1,1]
[415,903,340,1729,1309,452]
[1,1,1,1,1,1]
[208,1704]
[1,1]
[65,186]
[1,1]
[1653,1822,1476,567]
[1,1,1,1]
[903,242,1334,1286,474]
[1,1,1,1,1]
[907,68,1726,1334,643]
[1,1,1,1,1]
[1726,1334,316]
[1,1,1]
[907,1165,1025,860,68,1729,442]
[1,1,1,1,1,1,1]
[456,1342,536,208,1334]
[1,1,1,1,1]
[1045,668]
[1,1]
[415,629,340,1309,452]
[1,1,1,1,1]
[1070,1729,727,1168]
[1,1,1,1]
[587,164,629,242,710,469]
[1,1,1,1,1,1]
[1286,474]
[1,1]
[1305,1286,615]
[1,1,1]
[740,367,1484,169,1181,1165,213,1729,1570,627,56,1558,1334,238,408,82]
[1,1,1,1,1,1,1,1,1,1,1,1,1,1,1,1]
[415,903,340,1298]
[1,1,1,1]
[1359]
[1]
[1122,915,314]
[1,1,1]
[1086,1662,1518,694,1733,1726,1519,1595,1785,1133]
[1,1,1,1,1,1,1,1,1,1]
[415,465,1562,629,1817,452,741]
[1,1,1,1,1,1,1]
[430,208,1139]
[1,1,1]
[415,629]
[1,1]
[887,1165,1729,439,1153,1334,369]
[1,1,1,1,1,1,1]
[479,221,47]
[1,1,1]
[430,208,1139]
[1,1,1]
[420,1729,633,915,1670,369]
[1,1,1,1,1,2]
[415,1169,1729,107]
[1,1,1,1]
[1404,629,340,1729]
[1,1,1,1]
[430,208,1139]
[1,1,1]
[887,1165,439,1334,873]
[1,1,1,1,1]
[415,629]
[1,1]
[766,1334]
[1,1]
[415,814,1497]
[1,1,1]
[1491,1365,1009,1112,1334]
[1,1,1,1,1]
[887,1165,1729,439,452]
[1,1,1,1,1]
[415,629,1729,1153]
[1,1,1,1]
[629,340,1402,1153]
[1,1,1,1]
[430,208,1139]
[1,1,1]
[890]
[1]
[430,208,1139]
[1,1,1]
[420,1729,633,915,1670,369]
[1,1,1,1,1,2]
[415,1169,1729,107]
[1,1,1,1]
[1404,629,340,1729]
[1,1,1,1]
[1009,1726,1334]
[1,1,1]
[1009,1334,904]
[1,1,1]
[430,208,1139]
[1,1,1]
[1165,1729,439,1334,369]
[1,1,1,1,1]
[420,1334,915,369]
[1,1,1,1]
[1533,415,1729,741]
[1,1,1,1]
[776,1309]
[1,1]
[419,486,1756]
[1,1,1]
[505,615,1139]
[1,1,1]
[430,208,1139]
[1,1,1]
[456]
[1]
[275,221,536,1334]
[1,1,1,1]
[887,1165,1729,381,873,452]
[1,1,1,1,1,1]
[286,465,629,1334]
[1,1,1,1]
[1404,1150,618,629,340,1729,1402,1153,1334,1182,916]
[1,1,1,1,2,1,1,1,1,1,1]
[275,1729,332,1393,700,1153,1422]
[2,2,1,1,1,1,1]
[780,55]
[1,1]
[338,646,727]
[1,1,1]
[415,1165,1169,873,107]
[1,1,1,1,1]
[1729,439,369]
[1,1,1]
[415,629]
[1,1]
[169,1729,1296]
[1,1,1]
[1368,740,1484,284,1383,1009,666]
[1,1,1,1,1,1,1]
[1653,1491,246,1213,1009,567,1192]
[1,1,1,1,1,1,1]
[1254,517,17,442,1269,1793,615,1497,1105,994,1326,631]
[1,1,1,1,1,1,1,1,1,1,1,1]
[90]
[1]
[284,948,1782,1519,1177,904]
[1,1,1,1,1,1]
[814,1497]
[1,1]
[428,536,257]
[1,1,1]
[1222,956,1366,879,1009,559,766,1729,1110,983,1821,544,904]
[1,1,1,1,1,1,1,1,1,1,1,1,1]
[1404,415,629,340,776,1252,1334,916,452]
[1,1,1,1,1,1,1,1,1]
[1368,740,1484,1383,1519]
[1,1,1,1,1]
[740,1484,207,832,388,774,1186,526,433,1729,44,1747,1519,1280]
[1,1,1,1,1,1,1,1,1,1,1,1,1,1]
[1404,169,400,1775,1778,324]
[1,1,1,1,1,1]
[1404,400,340,1518,1778,1538]
[1,1,1,1,1,1]
[1653,740,1484,207,259,832,388,774,635,1186,414,1518,965,526,433,1729,44,1778,1747,1519,1184,1454,1280,120,219]
[1,1,1,1,1,1,1,1,1,1,1,1,1,1,1,1,1,1,1,1,1,1,1,1,1]
[415,887,1165,1732,1169,535,381,873,1133]
[1,1,1,1,1,1,1,1,1]
[1278,780,1736,1061,1819,1024]
[1,1,1,1,1,1]
[1389,1153]
[1,1]
[208,1334]
[1,1]
[964,1547,950,1775,28,731]
[1,1,1,1,1,1]
[420,1270,915,369,452]
[1,1,1,1,1]
[468,1009,1729,1334,128,904]
[1,1,1,1,1,1]
[974]
[1]
[1404,415,340,1252,452]
[1,1,1,1,1]
[1404,415,340,452]
[1,1,1,1]
[1140,73,366,536,1334]
[1,1,1,1,1]
[814,776,1194,1497]
[1,1,1,1]
[1434,722,1573,1799,1217,1401,1306,1558,1334,667,360,728]
[1,1,1,1,1,1,1,1,1,1,1,1]
[629,1656,1334,369]
[1,1,1,1]
[731]
[1]
[221,536,821]
[1,1,1]
[1547,1493,1284,536,1124,1214,829]
[1,1,1,1,1,1,1]
[1745,386,314]
[1,1,1]
[208,1334]
[1,1]
[157,1310,452]
[1,1,1]
[275,33,934]
[1,1,1]
[1234,861,1664,696,1539,86,1568,816,2,1411,1009,553,761,1729,44,1110,1452,654,961,1334,1046,1141]
[1,1,1,1,1,1,1,1,1,1,1,1,1,1,1,1,1,1,1,1,1,1]
[722,1086,1232,221,1342,444]
[1,1,1,1,1,1]
[1533,1729,439,1334,1645,369,452]
[1,1,1,1,1,1,1]
[415,629,340,1729,1402,1334,892,452]
[1,4,1,1,1,4,1,1]
[1533,415,629,701,1656,340,1729,1402,1334,1838,892,452]
[1,1,3,1,1,1,1,1,4,1,1,1]
[415,629,1334]
[1,1,1]
[629,340,1402,1334]
[1,1,1,1]
[629,1729,1334,892]
[1,1,1,1]
[629,1334,452]
[1,1,1]
[1533,415,262,1436,1165,629,701,1304,1656,134,389,1729,1334,212,1625,1838,892]
[4,1,1,1,1,1,1,1,1,1,1,1,5,1,1,1,1]
[314]
[1]
[403,1165,814,283]
[1,1,1,1]
[1533,415,629,701,1656,340,1729,1402,1334,1838,892,452]
[1,1,3,1,1,1,1,1,4,1,1,1]
[415,629,1334]
[1,1,1]
[629,340,1402,1334]
[1,1,1,1]
[629,1729,1334,892]
[1,1,1,1]
[629,1334,452]
[1,1,1]
[1404,415,629,340,1309,1334,369,1118]
[1,1,1,1,1,1,1,1]
[1533,1547,555,1272]
[1,1,1,1]
[493,1547,984,949,1124]
[1,1,1,1,1]
[1533,415,629,701,1656,340,386,1729,1402,1334,892,452]
[1,1,3,1,1,1,1,1,1,4,1,1]
[456,10,26,591,1071,1488,849]
[1,1,1,1,1,1,1]
[1165,92,521,439,873,1838]
[1,1,1,1,1,1]
[629,340,1309]
[1,1,1]
[546,1539,1086,1732,1158,1519]
[1,1,1,1,1,1]
[221,208,33]
[1,1,1]
[286,465,1165,629,1169,340,1309,1612,452,1133]
[1,1,1,1,1,1,1,1,1,1]
[646]
[1]
[221,33]
[1,1]
[420,1334,915,369]
[1,1,1,1]
[1165,439,1359,1670]
[1,1,1,1]
[415,629]
[1,1]
[629,340,1252]
[1,1,1]
[536,1300]
[1,1]
[415,629,452]
[1,1,1]
[890,1334,143]
[1,1,1]
[1157,1124]
[1,1]
[284,785,537,1124]
[1,1,1,1]
[1404,303]
[1,1]
[536,752,1334]
[1,1,1]
[415,340,1309,1543,1422]
[1,1,1,1,1]
[1412]
[1]
[253,50,618,340,495,1729,700,801,1153,1334,1538,19,1838,77,862]
[1,1,1,1,1,3,1,1,2,1,1,1,1,1,1]
[798,1006,54,391,1522]
[1,1,1,1,1]
[286,1284]
[1,1]
[890,536,662]
[1,1,1]
[121,142]
[1,1]
[798,1049,887,1165,1169,980,1475,873]
[1,1,1,2,1,1,1,1]
[1434,798,740,1484,1165,1026,1022,1729,1306,1558,1334,1750,360]
[1,1,1,1,1,1,1,1,1,1,1,1,1]
[1768,1368,740,1484,1383,902,1190,676]
[1,1,1,1,1,1,1,1]
[1434,798,740,1484,1026,658,1558,360]
[1,1,1,1,1,1,1,1]
[755,445,1491,239,246,1082,1518,726,1729,227,700,607,1153,1785]
[1,1,1,1,1,1,1,1,1,1,1,1,1,1]
[1169,933,1780]
[1,1,1]
[338,669,629,701,340,1083,739,1194,1239,1334]
[1,1,1,1,1,1,1,1,1,1]
[890,780,1334]
[1,1,1]
[1491,1553,619,1060,1795,531]
[1,1,1,1,1,1]
[1019,407,1027,1410,983,1558,408,647,1412]
[1,1,1,1,1,1,1,1,1]
[561,1086,407,1124,668,1558,1334,408]
[1,1,1,1,1,1,1,1]
[1533,1259,434,801,1410,390,1464,263,13,554,584]
[1,1,1,2,1,2,1,1,1,1,1]
[1175,745,1410,662,1831]
[1,1,1,1,1]
[1600,450,275,1835,1410,1622,1133]
[1,1,1,1,1,2,2]
[1164,244,965,1410,1334,1475,241,643,1551]
[1,1,1,1,1,1,1,1,1]
[1729,1582,182,589]
[1,1,1,1]
[1140,539,1124,1512,1010,896,43,1475,205]
[1,1,1,1,1,1,1,1,1]
[964,536,1300,1334,812,662]
[2,1,1,1,1,1]
[338,1702,64,699,1475,143,991,217,1399]
[1,1,1,1,1,1,1,1,1]
[1147,344,1410,1475,1618,217,1412,1703]
[1,1,1,1,1,1,1,1]
[687,1334,1167]
[1,1,1]
[415,814,1497]
[1,1,1]
[1057,41,1466,1584,664,1220,640,1519,1144,1347,1018,1334,1163,225,1495]
[1,1,1,1,1,1,1,1,1,1,1,1,1,1,1]
[236,239,246,1558,1334,904,82]
[1,1,1,1,1,1,1]
[420,993,860,28]
[1,1,1,1]
[1165,535,439,873]
[1,1,1,1]
[415,629,340]
[1,1,1]
[415,814,1497]
[1,1,1]
[415,629,776]
[1,1,1]
[887,1165,381,873]
[1,1,1,1]
[1406]
[1]
[239,246,1519,1334,904]
[1,1,1,1,1]
[1519,1334,904]
[1,1,1]
[1404,415,340,1729]
[1,1,1,1]
[1304,320,1686,1512,839]
[1,1,1,1,1]
[1334,314]
[1,1]
[1404,415]
[1,1]
[456,208,1334]
[1,1,1]
[420,415,814,915,369]
[1,1,1,1,1]
[420,162,42,591,28,327]
[1,1,1,1,1,1]
[1539,816,1186,1232,11,433,1729,44,1519,1735,1122,61]
[1,1,1,1,1,1,1,1,1,1,1,2]
[740,1484,1353,995,1519,1343,1318,1227,292]
[1,1,1,1,1,1,1,1,1]
[740,1484,468,1186,44,1519,1280,120,558]
[1,1,1,1,1,1,1,1,1]
[933]
[1]
[415,629]
[1,1]
[776,1309]
[1,1]
[1808,243,221,787]
[1,1,1,1]
[80,208,1352]
[1,1,1]
[415,814,1334,1497]
[1,1,1,1]
[415,629,933,1334]
[1,1,1,1]
[1334,1497]
[1,1]
[415,1436,939]
[1,1,1]
[415,814,1334,1497]
[1,1,1,1]
[1656,369]
[1,1]
[536,208,444]
[1,1,1]
[1539,1391,1284,215,1519,731]
[1,1,1,1,1,1]
[816,1729,44,1735]
[1,1,1,1]
[338,314]
[1,1]
[1583,874,185,1139]
[1,1,1,1]
[207,774,1186,1421,1729]
[1,1,1,1,1]
[275,1729,1750]
[1,1,1]
[338,314]
[1,1]
[415,355]
[1,1]
[340,1729,916]
[1,1,1]
[236,1729,485,1558,369]
[1,1,1,1,1]
[816,1729,44,1735,933]
[1,2,1,1,1]
[874,185]
[1,1]
[207,774,1186,1421,275,1729,1750]
[1,1,1,1,2,2,1]
[415,355,340,1729,208,933,916]
[1,1,1,1,1,1,1]
[1729,44]
[1,1]
[816,1729,1735]
[1,1,1]
[933]
[1]
[1583,874,185,1139]
[1,1,1,1]
[207,774,1186,1421,1729]
[1,1,1,1,1]
[275,1729,1469]
[1,1,1]
[208]
[1]
[933]
[1]
[415,355]
[1,1]
[340,1729,916]
[1,1,1]
[816,44,1735]
[1,1,1]
[933]
[1]
[874,1512,1139]
[1,1,1]
[207,774,1186,1729,836]
[1,1,1,1,1]
[275,1729,1469]
[1,1,1]
[208,933]
[1,1]
[415,355]
[1,1]
[340,1729,916]
[1,1,1]
[207,874,774,816,1186,185,1421,681,275,1729,44,1735,1750,314,1139]
[1,1,1,1,1,1,1,1,1,4,1,1,1,1,1]
[415,355,681,208,314]
[1,1,1,1,1]
[340,1729,916]
[1,1,1]
[338,207,874,774,816,1186,185,275,1729,44,1735,1750,836,314]
[1,1,1,1,1,1,1,1,4,1,1,1,1,1]
[338,415,355,208,314]
[1,1,1,1,1]
[340,1729,916]
[1,1,1]
[1729,485,44,369]
[1,1,1,1]
[816,1729,44,1735]
[1,1,1,1]
[933]
[1]
[874,1512]
[1,1]
[207,774,1186,1421,275,1729,1469]
[1,1,1,1,1,2,1]
[933]
[1]
[415,355]
[1,1]
[340,1729,916]
[1,1,1]
[207,874,774,816,1186,275,1729,44,1735,1469,933,1359,1139,138]
[1,1,1,1,1,1,4,1,1,1,1,1,1,1]
[933]
[1]
[415,355]
[1,1]
[340,1729,916]
[1,1,1]
[933]
[1]
[415,355]
[1,1]
[340,1729,916]
[1,1,1]
[1583,1729,44]
[1,1,1]
[816,1729,1735]
[1,1,1]
[933]
[1]
[874,1686,1512,1139]
[1,1,1,1]
[207,774,1186,1421,1729]
[1,1,1,1,1]
[275,1729,1469]
[1,1,1]
[207,1583,874,774,816,1186,185,681,275,1729,44,1735,1469,1359,314,1139]
[1,1,1,1,1,1,1,1,1,4,1,1,1,1,1,1]
[681,314]
[1,1]
[415,355]
[1,1]
[882,536,28,854,930,1698]
[1,1,1,1,1,1]
[874,816,999,1729,44,1735,933,1512]
[1,1,1,2,1,1,1,1]
[207,774,1186,1421,275,1729,1469]
[1,2,2,1,1,2,1]
[933]
[1]
[415,355]
[1,1]
[340,1729,916]
[1,1,1]
[572,1334,915,848,314]
[1,1,1,1,1]
[400,1153,915,848]
[1,1,1,1]
[1404,420,415,573,1729,915]
[1,1,1,1,1,1]
[1404,415,1577,400,816,1518,1332,777,1022,1726,1729,530,998,692,1361,120,764]
[1,1,1,1,1,1,1,1,1,1,1,1,1,1,1,1,1]
[1533,420,415,1656,386,1153,1334,915]
[1,1,1,1,1,1,1,1]
[420,1523,572,915,314]
[1,1,1,1,1]
[1404,415,340,1729,369]
[1,1,1,1,1]
[1404,415,340,1729,369]
[1,1,1,1,1]
[927,1334,1482,1372]
[1,1,1,1]
[1165,913,1670]
[1,1,1]
[420,915,1437,369]
[1,1,1,1]
[415,1363]
[1,1]
[1653,1484,207,1396,236,774,1186,879,1630,1729,700,1609,983,1153,1334,1007,626,1250,1139,353]
[1,1,1,1,1,1,1,1,1,1,1,1,1,1,1,1,1,1,1,1]
[536,1334]
[1,1]
[1290,1298]
[1,1]
[1729,1153,452]
[1,1,1]
[1404,415,629,340]
[1,1,1,1]
[1368,740,1484,1803,346,597,1383,937,1519]
[1,1,1,1,1,1,1,1,1]
[1653,740,620,1484,1462,1213,1319,442,715,1619,1519,753,1334,567,1139,1818,356]
[1,1,1,1,1,1,1,1,1,1,1,1,1,1,1,1,1]
[415,629,452]
[1,1,1]
[420,400,1596,860,1729,1296]
[1,1,1,1,1,1]
[928,1160,269,400,340,1152,1023,1296,627,1692,1334,1750,567,1511,1632,1264,1646,1595]
[1,1,1,1,2,1,1,1,1,1,1,2,2,1,1,1,1,2]
[1355,1491,169,1181,1186,735,1015,1252,672,1519,156,759,1359,120,558]
[1,1,1,2,1,1,1,1,1,1,1,1,1,1,1]
[714,536]
[1,1]
[824,191,780,1792,1819,1163]
[1,1,1,1,1,1]
[887,1100,1651,439,1153,1497]
[1,1,1,1,1,1]
[415,629,1309,220]
[1,1,1,1]
[372,1491,169,1181,1186,153,735,1729,1015,297,1252,672,1519,759,24,1705,1280,120,558]
[1,1,1,1,2,1,1,1,1,1,1,1,1,1,1,1,2,1,1]
[814,1497]
[1,1]
[456,208]
[1,1]
[536]
[1]
[897,1062,330,1412]
[1,1,1,1]
[286,237,915]
[1,1,1]
[887,915,369]
[1,1,2]
[629,340,1729,1309,1252]
[1,2,1,1,1]
[420,629,1816,1015,838,1715]
[1,1,1,2,1,1]
[243,860,188,237]
[1,1,1,1]
[243,652,643,936]
[1,1,1,1]
[420,887,1651,381,237,915,1670]
[1,1,1,1,1,1,1]
[415,629,340,1309]
[1,1,1,1]
[536,444]
[1,1]
[1779]
[1]
[536]
[1]
[204,963,567]
[1,1,1]
[420,177,28,283]
[1,1,1,1]
[415,629,340,1309,452]
[1,1,1,1,1]
[1488]
[1]
[338,1732,1371,645]
[1,1,1,1]
[536,1334,444]
[1,1,1]
[1680,28,859]
[1,1,1]
[887,1651,439,873]
[1,1,1,1]
[415,629,340,1309]
[1,1,1,1]
[208]
[1]
[415,776,1309,1497]
[1,1,1,1]
[740,1484,158,298,1294,677,1009,559,910,147]
[1,1,1,1,1,1,1,1,1,1]
[740,1484,990,1777,1775,1009,700,627,261,1538,138]
[1,1,1,1,1,1,1,1,1,1,1]
[740,1484,637,696,941,246,816,1186,990,743,1009,553,11,805,376,1837,700,1735,607,627,1419,544]
[1,1,1,1,1,1,1,1,1,1,1,1,1,1,2,1,1,1,1,2,1,1]
[1257,1488,800,1838]
[1,1,1,1]
[338,517,987,1575]
[1,1,1,1]
[1497]
[1]
[415,1436,107]
[1,1,1]
[776,1309]
[1,1]
[208]
[1]
[338,885,919,670,1729,1749,805,576,1262,1519,700,476,1153,1007,1343,626,120,1422,1139,45,904]
[1,1,1,1,1,1,1,1,1,1,1,1,1,1,1,1,1,1,1,1,1]
[740,1484,816,1771,1729,44,106,1452,1519,700,1131,477,602,476,1153,1334,626,1122,744,144,1422,1139,544,1785]
[1,1,1,1,1,1,1,1,1,1,1,1,1,1,1,1,1,1,1,1,1,1,1,1]
[50,1079,1666]
[1,1,1]
[1497]
[1]
[27,725,271,1651,536,787,496]
[1,1,1,1,1,1,1]
[890,243,820,237,800]
[1,1,1,1,1]
[740,420,1484,1009,535,1110,1536,1558,1334,446,1096,643]
[1,1,1,1,1,1,1,2,1,1,1,1]
[1201,1006,391]
[1,1,1]
[1763,1746,611,1377,1281]
[1,1,1,1,1]
[136,452]
[1,1]
[653,442,927,486,1372,348]
[1,1,1,1,1,1]
[587,1093,78]
[1,1,1]
[214,890,976,221,1334]
[1,1,1,1,1]
[445,876,993,243,1130,535,826,1327,962,648,1311,1412]
[1,1,1,1,1,1,1,1,1,1,1,1]
[814,1497]
[1,1]
[420,445,887,247,1101,1165,381,1334,1670,369,373]
[1,1,1,1,1,1,1,1,1,1,1]
[1153,1670]
[1,1]
[415,1416]
[1,1]
[890,1488]
[1,1]
[243,1113,1619,1334,1137,1488]
[1,1,1,1,1,1]
[814,776,1309,1497]
[1,1,1,1]
[272,1539,1630,1334,1832,1412]
[1,1,1,1,1,1]
[1201,670,502,1821,1334,946]
[1,1,1,1,1,1]
[1797,876,470,750,670,502,1062,143,1412,396,566,946]
[1,1,1,1,1,1,1,1,1,1,1,1]
[857,460,1340,1465,502,122,1501,1067,133,143,1051]
[1,1,1,1,1,1,1,1,1,1,1]
[1836,467,525,237,143,843]
[1,1,1,1,1,1]
[1000,1589,1113,543,1116,133,143,516]
[1,1,1,1,1,1,1,1]
[272,504,1043,1153,295,133,1832,1030]
[1,1,1,1,1,1,1,1]
[1307]
[1]
[1709,820]
[1,1]
[706,307,208,1153,444]
[1,1,1,1,1]
[456,1435,133]
[1,1,1]
[338,701]
[1,1]
[1794,1651,606,860,344,1835,1148,973,212,1422,1322,383,245,1412,1326,1133]
[1,1,1,1,1,1,1,1,1,1,1,1,1,1,1,1]
[73,442,927,1334,133,1743]
[1,1,1,1,1,1]
[415,903,1169,776,1309,1334,901,133,369,741]
[1,1,1,1,1,1,1,1,1,1]
[1006,778,279,1334,391]
[1,1,1,1,1]
[1612,812,1665]
[1,1,1]
[1197,1284]
[1,1]
[1711,539,816,950,1113,687,647]
[1,1,1,1,1,1,1]
[1124]
[1]
[352,65]
[1,1]
[1711,1813,687]
[1,1,1]
[174,133,1412]
[1,1,1]
[1128,816,1186,275,433,1729,44,700,627,513,290,1422,1720]
[1,1,1,1,1,1,1,1,1,1,1,1,1]
[1453,1711,787,1334,1115,946]
[1,1,1,1,1,1]
[547,30,903,1158,760,209,1340,1713,1729,632,1059,143,563]
[1,1,1,1,1,1,1,1,1,2,1,2,1]
[208]
[1]
[1404,1368,415,950,681,1342,159,120]
[1,1,1,1,1,1,1,1]
[80,456]
[1,1]
[964,374,427,982,1573,1130,536,328,1435,756,840]
[1,1,1,2,1,1,2,1,1,1,1]
[1395,1334,394,133,143]
[1,1,1,1,1]
[1340,543,133,1075,234,280,594]
[1,1,1,2,1,1,1]
[73,442,1334]
[1,1,1]
[73,804,753,56,1359]
[1,1,1,1,1]
[1191,685,848,155,936]
[1,1,1,1,1]
[358,73,1359,848,1616]
[1,1,1,1,1]
[927,1790,1153]
[1,1,1]
[277,655,65,133,155]
[1,1,1,2,1]
[1447,562,1442,1635,1334,1179,91,1623,1035,1412]
[1,1,1,1,1,1,1,1,1,1]
[1342,536]
[1,1]
[1404,415,340,1729,933]
[1,1,1,1,1]
[1651,814,1169]
[1,1,1]
[1711,687]
[1,1]
[208,1488]
[1,1]
[456,26,1612]
[1,1,1]
[1165,439,873]
[1,1,1]
[1600,711,439,757,1670]
[1,1,1,1,1]
[1368,1426,1653,1484,207,1540,774,783,712,1186,552,1202,1747,1753,131,1609,49,1334,1359,1454,1624,1280,120,1326,1192]
[1,1,1,1,1,1,1,1,2,1,1,2,1,1,1,1,1,1,1,1,1,1,1,1,1]
[1140,1294,1342,536]
[1,1,1,1]
[415,890,814,1497]
[1,1,1,1]
[933]
[1]
[1049,1780]
[1,1]
[208]
[1]
[940,1576]
[1,1]
[933]
[1]
[814,1780,205]
[1,1,1]
[646]
[1]
[1352]
[1]
[864,1741,946]
[1,1,1]
[1706,536,1410,662]
[1,1,1,1]
[452,119]
[1,1]
[814]
[1]
[275,536,454,1838,33]
[1,1,1,1,1]
[887,1165,381,1497]
[1,1,1,1]
[415,340]
[1,1]
[1135]
[1]
[776,1309]
[1,1]
[1079,275,1124,662]
[1,1,1,1]
[1368,346,1491,1383,1009,1782,937,478]
[1,1,1,1,1,1,1,1]
[400,1166,340,1729,1402,1738,1004,1296,700,1844,1122]
[1,1,1,2,1,1,1,1,1,1,1]
[208,1334]
[1,1]
[1342,536]
[1,1]
[1784,1488]
[1,1]
[456,215,1559]
[1,1,1]
[338,842,1243]
[1,1,1]
[580,1323,1053]
[1,1,1]
[338,501,570,1423]
[1,1,1,1]
[415,776,1309,78,452]
[1,1,1,1,1]
[208,1334]
[1,1]
[1006,441,391,79]
[1,1,1,1]
[420,1077,327]
[1,1,1]
[1000,1590,1077,946]
[1,1,1,1]
[1424,1125,828]
[1,1,1]
[1497]
[1]
[1169,107]
[1,1]
[208,1334]
[1,1]
[1006,441,391,79]
[1,1,1,1]
[420,1077,327]
[1,1,1]
[1000,1590,1077,946]
[1,1,1,1]
[1424,1125,828]
[1,1,1]
[1497]
[1]
[1169,107]
[1,1]
[203,374,208,1334,590,160,1352,444]
[1,1,1,1,1,1,1,1]
[1170,890,490,538,224,1488]
[1,1,1,1,1,1]
[1006,391,840]
[1,1,1]
[1729,715,439,757,1475,369]
[2,1,1,1,1,1]
[415,814,107]
[1,1,1]
[776,1309]
[1,1]
[1342,208,1153,1334,289]
[1,1,1,1,1]
[950,1342]
[1,1]
[415,814,1729,369]
[1,1,1,1]
[1334,75]
[1,1]
[1077,890,1266,536,1124,840]
[1,1,1,1,1,1]
[420,1077,992,1124,327,341]
[1,1,1,1,1,1]
[1451,890,780,55]
[1,1,1,1]
[779,914,771,221,840]
[1,1,1,1,1]
[338,890,739,727]
[1,1,1,1]
[890,1165,535,1729,439,1641,369,818]
[1,1,1,2,2,1,3,1]
[415,776,1309]
[1,1,1]
[911,221,1266,323,1410,327,567,1475,1422,46]
[1,1,1,1,1,1,1,1,1,1]
[1370,1573,1352]
[1,1,1]
[1320,208,1488,274]
[1,1,1,1]
[1373,933]
[1,1]
[814,1497]
[1,1]
[1368,1383,1294,1009,1334,1343,531,904]
[1,1,1,1,1,1,1,1]
[814,1497]
[1,1]
[1573,536]
[1,1]
[1334,1497]
[1,1]
[286,154,1363]
[1,1,1]
[452]
[1]
[415,115]
[1,1]
[340,1309]
[1,1]
[1729,439,452]
[1,1,1]
[415,115]
[1,1]
[340,1309]
[1,1]
[646,613,487]
[1,1,1]
[1573,756]
[1,1]
[208,1334]
[1,1]
[780,1328,668]
[1,1,1]
[887,1165,439,1497]
[1,1,1,1]
[415,1436,1651,1169]
[1,1,1,1]
[776,1309]
[1,1]
[104,880,398,1011,1387,1730,1024]
[1,1,1,1,1,1,1]
[1173,273,463]
[1,1,1]
[1334,75]
[1,1]
[1167,1412,946]
[1,1,1]
[415,776,1309,452]
[1,1,1,1]
[880,1387,609,1527,925]
[1,1,1,1,1]
[1157,923,1284,898,698,1619,1334]
[1,1,1,1,1,1,1]
[1404,415,887,776,1309,1497]
[1,1,1,1,1,1]
[1102,1251,646,123,536,1488,886]
[1,1,1,2,1,1,1]
[1404,415,887,776,1309,1497]
[1,1,1,1,1,1]
[1360,124,248,1162,1488]
[1,1,1,1,1]
[1676]
[1]
[746,275,591,536,1587]
[1,1,1,1,1]
[122,1334,1610,1760,491]
[1,1,1,1,1]
[964,1540,887,915,1497,1670,510,1412]
[1,1,1,1,1,1,1,1]
[415,814,776,1309]
[1,1,1,1]
[536,1676]
[1,1]
[1808,1488,946]
[1,1,1]
[493,1549,1525,1573,737,1188,1021]
[1,1,1,1,1,1,1]
[887,1497]
[1,1]
[415]
[1]
[776,1309]
[1,1]
[1573,646,536]
[1,1,1]
[1198,1195,700,1488]
[1,1,1,1]
[1404,415,262,887,814,1334,1497]
[1,1,1,1,1,1,1]
[776,1309]
[1,1]
[493,39,409,488,208,682,444]
[1,1,1,1,1,1,1]
[880,877,550,1635,7,302,883]
[1,1,1,1,1,1,1]
[272,76,1573,780,753,1269,1710,1153,1286,46,584,1258]
[1,1,1,1,2,1,1,1,1,2,1,1]
[420,415,1656,1729,915,369]
[1,1,1,1,1,1]
[208,1334]
[1,1]
[413,536,1410]
[1,1,1]
[413,617,1328,319]
[1,1,1,1]
[678,756]
[1,1]
[1746,596,738,959]
[1,1,1,1]
[1243,567,1805,1274]
[1,1,1,1]
[982,615,474]
[1,1,1]
[1653,993,304,1539,1593,1186,433,1052,691,1133]
[1,1,1,1,1,1,1,1,1,1]
[714,993,304,1539,1593,1186,433,442,894,187,1052,691,1716,1133]
[1,1,1,1,1,1,1,1,1,1,1,1,1,1]
[420,573,445,400,1729,1844,1334]
[1,1,1,1,1,1,1]
[420,445,1729,1296]
[1,1,1,1]
[890,1476,165]
[1,1,1]
[1358,1033,1334,143]
[1,1,1,1]
[1791,536,1410]
[1,1,1]
[1378,413,678,536,1410,662]
[1,1,1,1,1,1]
[1599,591]
[1,1]
[1746,1189,738,1048]
[1,1,1,1]
[687,624,542,143]
[1,1,1,1]
[420,1408,1186,178,1367,1729,1519,28,1536,1558,1096,1208,904]
[2,1,1,1,1,1,1,2,1,1,1,1,1]
[415,401,629,1334]
[1,1,1,1]
[445,887,1165,535,381,1497]
[1,1,1,1,1,1]
[1783,687]
[1,1]
[1037,1523,401,1165,535,439]
[1,1,1,1,1,1]
[415,401,629]
[1,1,1]
[415,401,629,1530,452,849]
[1,1,1,1,1,1]
[420,1161,1428,664,1732,1630,889,1269,1303,1153,1069,609,641,1626]
[1,1,1,1,2,1,1,1,1,1,1,2,1,1]
[208]
[1]
[249,1732,335,439,1814,1497,369,1812]
[1,1,1,1,1,1,1,1]
[415,814,340,916]
[1,1,1,1]
[801,263]
[1,1]
[427,608,1186,422,303,636,559,378,1449,808,99,700,1512,1240,1280,1185,1546,226]
[1,1,1,1,1,2,1,1,1,1,1,1,2,1,2,1,1,1]
[208,1334]
[1,1]
[536,444]
[1,1]
[763,780]
[1,1]
[415,776,1309,452]
[1,1,1,1]
[1803,1491,1519,666]
[1,1,1,1]
[740,1484,1519,1334,237]
[1,1,1,1,1]
[740,1484,1282,1009,442,1558,1334]
[1,1,1,1,1,1,1]
[740,1484,1383,1009,1230]
[1,1,1,1,1]
[1656,78,369]
[1,1,1]
[890,413,536,1410,812]
[1,1,1,1,1]
[876,1140,1165,221,1412]
[1,1,1,1,1]
[776,1402,933,1334]
[1,1,1,1]
[1169,1780]
[1,1]
[306,10,1300,1480,282]
[1,1,1,1,1]
[275,1284,1124,1334,383,1412,1133]
[1,1,1,1,1,1,2]
[873]
[1]
[1169,107]
[1,1]
[833,1539,1009,1729,423,1,1334,626,1359,1139,1551]
[1,1,1,1,1,1,1,1,1,1,1]
[1653,971,409,1539,1700,5,635,1662,1332,998,1519,1334,1572,151,1265,223]
[2,1,1,1,1,1,1,1,2,1,1,1,1,1,1,1]
[1497]
[1]
[1169,1780]
[1,1]
[1656,369]
[1,1]
[776]
[1]
[415,629,776,1309,452]
[1,1,1,1,1]
[1267,215]
[1,3]
[456,1260,215,444]
[1,1,1,1]
[1290,1113]
[1,1]
[1404,415,1422]
[1,1,1]
[1404,1600,415,1744,1518,1729,1333,7,1422]
[1,1,1,1,1,1,1,1,1]
[420,1729,1334,915,369]
[1,1,1,1,1]
[415,169]
[1,1]
[546,1158,1397,1519,893,531,904]
[1,1,1,1,1,1,1]
[208]
[1]
[1407,419,530,1471,1488,120]
[1,1,1,1,1,1]
[415,452]
[1,1]
[1544]
[1]
[1417,958,1800]
[1,1,1]
[1224,1519,1343,904]
[1,1,1,1]
[536,752,1334]
[1,1,1]
[974]
[1]
[887,776,1309,1497]
[1,1,1,1]
[1383,1294,1009,697,1334,904]
[1,1,1,1,1,1]
[208,756]
[1,1]
[1378,678]
[1,1]
[415,1729,452]
[1,1,1]
[1368,929,259,895,1157,1608,1539,1365,1211,1630,1729,442,987,700,458,1153,534,1185,1206,1819,219,1422,77,794,1707,1258]
[1,1,1,1,1,1,1,1,1,1,1,1,1,1,1,1,1,1,1,2,1,1,1,1,1,1]
[415,340,1252,452]
[1,1,1,1]
[688,1140,536,1334]
[1,1,1,1]
[415,340,1252,452]
[1,1,1,1]
[1549,519,1729,756]
[1,1,1,1]
[90]
[1]
[1697,536,787,1334,228]
[1,1,1,1,1]
[976,1334,1488,1676]
[1,1,1,1]
[415,887,629,334,369]
[1,1,1,1,1]
[1368,1535,890,1365,1383,1294,1519,1112,1334,797,904]
[1,1,1,1,1,1,1,1,1,1,1]
[1434,1254,445,1498,1365,1386,745,535,1229,1452,1519,1151,1558,1334,1359,904]
[1,1,1,1,1,1,1,1,1,1,1,1,1,1,1,1]
[415,340,1729,369]
[1,1,1,1]
[221,536]
[1,1]
[1827,1342,536,1805,14,1809,645,472]
[1,2,1,1,1,1,1,1]
[1404,415,1729,369]
[1,1,1,1]
[1640,1157,1539,169,1739,783,1518,1385,1009,1729,1342,44,1004,447,700,666,1558,1153,1334,730]
[1,1,1,1,1,1,1,1,1,1,1,1,1,1,1,1,2,1,1,1]
[415,1729,1153]
[1,1,1]
[415,629,452]
[1,1,1]
[456,646]
[1,1]
[536,756]
[1,1]
[136,873]
[1,1]
[415,136]
[1,1]
[415,629,340,1334,452]
[1,1,1,1,1]
[339,1231,833,1297,1128,1186,1729,44,15,1655,1108,942,1422,452,59]
[1,1,1,1,1,1,2,1,1,1,1,2,1,1,1]
[1351,536]
[1,1]
[1404,415,386,1729,1334,452]
[1,1,1,1,1,1]
[1351,536]
[1,1]
[1404,340,1729,1309,627,1334,452]
[2,1,1,1,1,1,1]
[1296,1002,240,579,1750,1632,1215]
[1,1,1,1,1,1,1]
[890,1697,536,1373,933,787,228]
[1,1,1,1,1,1,1]
[208,1334]
[1,1]
[215,444]
[1,1]
[1043,762,817,1326,996,1765,1622,1133,925,728]
[1,1,1,1,1,1,1,1,1,1]
[415,334,1422,369]
[1,1,1,1]
[1333]
[1]
[457,878,677,1034,804,1134,1519,1710,1334,673,904]
[1,1,1,1,2,1,1,1,1,1,1]
[400,442,1750,915,369,634,1058]
[1,1,1,1,1,1,1]
[254,664,1488,143]
[1,1,1,1]
[420,1011,1558,1488]
[1,1,1,1]
[1165,381,915,1497]
[1,1,1,1]
[415,629,340,1309,1252]
[1,2,1,1,1]
[1368,740,411,1484,1365,1383,1009,288,1112]
[1,1,1,1,1,1,1,1,1]
[740,1484,696,1138,965,1009,553,679,1226,1334,1343,643,731]
[1,1,1,1,1,1,1,1,1,1,1,1,1]
[740,1484,696,168,879,923,1009,553,1729,370,44,291,1334,1343,1725]
[1,1,1,1,1,1,1,1,1,1,1,1,1,1,1]
[415,629,369]
[1,1,1]
[456,208]
[1,1]
[1564,252,927,1488]
[1,1,1,1]
[1009,687,766,1110,796,904]
[1,1,2,1,1,1]
[445,1165,381,1334,873,1326]
[1,1,1,1,1,1]
[415,286,445,814,1169,607,1363]
[1,1,1,1,1,1,1]
[629,340]
[1,1]
[1237,1092,1488,1291]
[1,1,1,1]
[964,284,1539,1365,1519,1112,867,186]
[1,1,1,1,1,1,1,1]
[1539,1097,1474,1729,1519,1334]
[1,1,1,1,1,1]
[1334,75]
[1,1]
[1167]
[1]
[415,355,814,776,1497]
[1,1,1,1,1]
[208,1334]
[1,1]
[419,501,412,1756]
[1,1,1,1]
[403,568,1165,776,1402,381,873]
[1,1,2,1,1,1,1]
[1404,452]
[1,1]
[1404,452]
[1,1]
[1600,236,1086,613,1810,1244,1519,1153,1334,1345,904]
[1,1,1,1,1,1,1,1,1,1,1]
[1225,960,419,598,1153,1334,110,1756]
[1,1,1,1,1,1,1,1]
[1334,1497]
[1,1]
[420,915]
[1,1]
[1049,1165,1169]
[1,1,1]
[700,36]
[1,1]
[314]
[1]
[415,115,554]
[1,1,1]
[39,1764,1381,1391,777,1430,1191,188,1796]
[1,1,2,1,1,1,1,1,1]
[1575]
[1]
[208,756]
[1,1]
Int64[]
Int64[]
[1120]
[1]
[1009,766,1530,1334,1343,446,197,904]
[1,1,1,2,1,1,1,1]
[799,1515,221]
[1,1,1]
[535,439,452]
[1,1,1]
[415,340,1252,1296,1363]
[1,1,1,1,1]
[456,536,75]
[1,1,1]
[1368,740,1344,1484,1383,1519,392]
[1,1,1,1,1,1,1]
[714,740,1484,239,246,442,1519]
[1,1,1,1,1,1,1]
[221,536,9,172]
[1,1,1,1]
[444]
[1]
[618,311,1724,514,1721,459,1581]
[1,1,1,1,1,1,1]
[1268,908,346,1651,215,977,1481]
[1,1,1,1,1,1,1]
[1373,933]
[1,1]
[384,1359]
[1,1]
[1165,221,1455,536]
[1,1,1,1]
[90,275,1467,1245]
[1,1,1,1]
[689,1605,221,1455,1356,440]
[1,1,2,1,1,1]
[1368,259,1129,1696,44,1047,1695,219]
[2,1,1,1,1,1,1,1]
[774,1186,78]
[1,1,1]
[833,413,950,1]
[1,1,1,1]
[1099,1040,1489,1412,444]
[1,1,1,1,1]
[345,452]
[1,1]
[887,1165,873]
[1,1,1]
[420,915,369,205]
[1,1,1,1]
[415,1780]
[1,1]
[456,208]
[1,1]
[221,1342,536]
[1,1,1]
[73,1477,700,934,560]
[1,1,1,1,1]
[799,1573,1165,536,439,75,873]
[1,1,1,1,1,1,1]
[420,1825,915,369,1096]
[1,1,1,1,1]
[1404,420,415,400,903,1153,1412,741]
[1,1,1,2,1,1,1,1]
[1404,452]
[1,1]
[740,1484,856,1627,981,246,388,635,1109,161,526,1009,1683,433,1022,1729,1015,1379,1652,979,360]
[1,1,1,2,1,1,1,1,1,1,1,1,1,1,1,2,1,1,1,1,2]
[1266,1300,1497]
[1,1,1]
[1784,1012,304,1157,1547,1086,1558,1300,1586]
[1,1,1,1,1,1,1,1,1]
[415,452]
[1,1]
[1140,1666,1124,896,1066,499]
[1,1,1,2,1,1]
[415,814,776,1309,1010,1497]
[1,1,1,1,1,1]
[690,251,998,1623]
[1,1,1,1]
[1784,1181,1554,1531,931,1009,1729,1110,748,717,1133,904]
[1,1,1,1,1,1,1,1,1,1,1,1]
[989,890,659,1308,288,143]
[1,1,1,1,1,1]
[1378,536,1300]
[1,1,1]
[1528,784,173]
[1,1,1]
[1784,1539,1519,1334]
[1,1,1,1]
[1732,432,1036]
[1,1,1]
[933]
[1]
[1784,1697,215,1334,1542,1263,1412]
[1,1,1,1,1,1,1]
[1373,933]
[1,1]
[1353,724,472]
[1,1,1]
[1268,1651,545,1455,215]
[2,2,1,2,2]
[1784,272,1140,1573,522,804,700,1334,1833,491]
[1,1,1,1,1,1,1,1,1,1]
[1404,415,1729]
[1,1,1]
[62,1099,1287]
[1,1,1]
[462,1043,1210,868,1758,1412]
[1,1,1,1,1,1]
[536]
[1]
[456,1783,1729,1519,114,143,75]
[1,1,1,1,1,1,1]
[50,340,1729,1380,952,916]
[1,1,1,1,1,1]
[629,1334,1412]
[1,1,1]
[415,618,629]
[1,1,1]
[1497]
[1]
[250,932,491]
[1,1,1]
[1111,1328,319,560]
[1,1,1,1]
[1056,1086,1545,71,1110,604,1519,1334,1008,25,904,1804,1192]
[1,1,1,1,1,1,1,1,1,1,1,1,1]
[536,208,933,1334,444]
[1,1,1,1,1]
[1368,1383,1294,1519,1334,1343,111,1458,904]
[1,1,1,1,1,1,1,1,1]
[536,208,1334,444]
[1,1,1,1]
[1368,411,1383,1519,288,1334,111,1458,904]
[1,1,1,1,1,1,1,1,1]
[1086,306,1452,1519,1558,1334,904]
[1,1,1,1,1,1,1]
[1090,1086,657,675,1165,407,1009,1729,1110,1124,1840,1558,1334,643,904]
[1,1,1,1,1,1,1,1,1,1,1,1,1,1,1]
[536,1124,1334]
[1,1,1]
[951,1803,284,1009,678,395,18,1334,111,1458,904]
[1,1,1,1,1,1,1,1,1,1,1]
[445,1759,1261,1619,1110,1519,1674,1334,1586,1456,904,444]
[1,1,2,1,1,1,1,1,1,1,1,1]
[536,208,933,1334,444]
[1,1,1,1,1]
[1368,1383,1294,1519,1334,111,1458,904]
[1,1,1,1,1,1,1,1]
[411,1803,284,1009,678,395,937,288,18,1334,1458,904]
[1,1,1,1,1,1,1,1,1,1,1,1]
[1342,536,208,933,1334]
[1,1,1,1,1]
